0
[[[221 420]]

 [[222 419]]

 [[271 419]]

 [[272 420]]

 [[272 433]]

 [[273 434]]

 [[273 445]]

 [[274 446]]

 [[274 467]]

 [[273 468]]

 [[272 468]]

 [[272 469]]

 [[271 470]]

 [[264 470]]

 [[264 471]]

 [[263 472]]

 [[262 472]]

 [[260 470]]

 [[257 470]]

 [[255 472]]

 [[254 472]]

 [[253 471]]

 [[253 470]]

 [[250 470]]

 [[250 471]]

 [[249 472]]

 [[246 472]]

 [[244 470]]

 [[243 471]]

 [[241 471]]

 [[240 472]]

 [[239 471]]

 [[238 471]]

 [[237 470]]

 [[236 470]]

 [[236 471]]

 [[235 472]]

 [[232 472]]

 [[231 471]]

 [[231 470]]

 [[228 470]]

 [[228 471]]

 [[227 472]]

 [[226 472]]

 [[225 471]]

 [[225 470]]

 [[224 470]]

 [[223 469]]

 [[223 468]]

 [[222 468]]

 [[221 467]]

 [[221 448]]

 [[220 447]]

 [[220 446]]

 [[219 445]]

 [[219 442]]

 [[220 441]]

 [[220 440]]

 [[219 439]]

 [[219 436]]

 [[220 435]]

 [[220 434]]

 [[221 433]]

 [[219 431]]

 [[219 430]]

 [[220 429]]

 [[220 428]]

 [[221 427]]

 [[221 424]]

 [[220 423]]

 [[220 422]]

 [[221 421]]]
1
[[[147 420]]

 [[148 419]]

 [[196 419]]

 [[198 421]]

 [[198 427]]

 [[199 427]]

 [[200 428]]

 [[200 467]]

 [[197 470]]

 [[192 470]]

 [[190 472]]

 [[187 472]]

 [[186 471]]

 [[184 471]]

 [[183 472]]

 [[158 472]]

 [[157 471]]

 [[153 471]]

 [[152 472]]

 [[151 471]]

 [[151 470]]

 [[149 468]]

 [[148 468]]

 [[147 467]]]
2
[[[311 417]]

 [[312 416]]

 [[315 416]]

 [[316 417]]

 [[319 417]]

 [[320 416]]

 [[323 416]]

 [[324 417]]

 [[327 417]]

 [[328 416]]

 [[331 416]]

 [[332 417]]

 [[344 417]]

 [[346 419]]

 [[347 419]]

 [[348 420]]

 [[348 467]]

 [[347 468]]

 [[340 468]]

 [[338 470]]

 [[336 470]]

 [[335 469]]

 [[332 469]]

 [[331 470]]

 [[300 470]]

 [[299 469]]

 [[299 468]]

 [[296 468]]

 [[295 467]]

 [[295 418]]

 [[296 417]]

 [[299 417]]

 [[300 418]]

 [[302 418]]

 [[303 417]]]
3
[[[519 416]]

 [[520 415]]

 [[572 415]]

 [[574 417]]

 [[574 423]]

 [[576 425]]

 [[576 427]]

 [[575 428]]

 [[575 431]]

 [[576 432]]

 [[576 435]]

 [[575 436]]

 [[575 437]]

 [[576 438]]

 [[576 458]]

 [[574 460]]

 [[574 463]]

 [[573 464]]

 [[572 464]]

 [[572 465]]

 [[571 466]]

 [[568 466]]

 [[568 467]]

 [[567 468]]

 [[524 468]]

 [[523 467]]

 [[523 466]]

 [[522 466]]

 [[521 465]]

 [[521 464]]

 [[520 464]]

 [[519 463]]]
4
[[[447 416]]

 [[448 415]]

 [[495 415]]

 [[496 416]]

 [[496 418]]

 [[497 419]]

 [[499 419]]

 [[500 420]]

 [[500 421]]

 [[499 422]]

 [[499 423]]

 [[500 424]]

 [[500 460]]

 [[499 461]]

 [[500 462]]

 [[500 463]]

 [[499 464]]

 [[498 464]]

 [[498 465]]

 [[497 466]]

 [[496 466]]

 [[496 467]]

 [[495 468]]

 [[448 468]]

 [[447 467]]

 [[447 466]]

 [[446 466]]

 [[445 465]]

 [[445 460]]

 [[444 460]]

 [[443 459]]

 [[443 420]]

 [[444 419]]

 [[445 419]]

 [[445 418]]

 [[446 417]]

 [[447 417]]]
5
[[[371 416]]

 [[372 415]]

 [[374 415]]

 [[375 416]]

 [[377 416]]

 [[378 415]]

 [[419 415]]

 [[420 416]]

 [[420 419]]

 [[423 419]]

 [[424 420]]

 [[424 465]]

 [[423 466]]

 [[422 466]]

 [[422 467]]

 [[421 468]]

 [[407 468]]

 [[405 470]]

 [[404 470]]

 [[403 469]]

 [[403 468]]

 [[392 468]]

 [[391 469]]

 [[389 469]]

 [[388 470]]

 [[387 469]]

 [[387 468]]

 [[372 468]]

 [[371 467]]

 [[371 466]]

 [[370 466]]

 [[369 465]]

 [[369 444]]

 [[368 443]]

 [[368 441]]

 [[369 440]]

 [[368 439]]

 [[368 431]]

 [[367 430]]

 [[367 428]]

 [[368 427]]

 [[368 424]]

 [[367 423]]

 [[367 420]]

 [[368 419]]

 [[371 419]]]
6
[[[169 345]]

 [[170 344]]

 [[171 345]]

 [[194 345]]

 [[196 347]]

 [[196 356]]

 [[197 357]]

 [[196 358]]

 [[196 359]]

 [[197 360]]

 [[197 373]]

 [[198 374]]

 [[198 394]]

 [[196 396]]

 [[188 396]]

 [[188 397]]

 [[187 398]]

 [[186 398]]

 [[185 397]]

 [[181 397]]

 [[180 398]]

 [[150 398]]

 [[149 397]]

 [[148 397]]

 [[147 396]]

 [[147 394]]

 [[146 393]]

 [[146 390]]

 [[145 389]]

 [[145 360]]

 [[144 359]]

 [[144 358]]

 [[143 357]]

 [[145 355]]

 [[145 348]]

 [[146 347]]

 [[147 347]]

 [[147 346]]

 [[148 345]]]
7
[[[221 344]]

 [[222 343]]

 [[269 343]]

 [[270 344]]

 [[270 345]]

 [[271 345]]

 [[272 346]]

 [[272 395]]

 [[271 396]]

 [[222 396]]

 [[219 393]]

 [[219 345]]

 [[220 344]]]
8
[[[303 343]]

 [[304 342]]

 [[305 342]]

 [[306 343]]

 [[311 343]]

 [[312 342]]

 [[313 342]]

 [[314 343]]

 [[345 343]]

 [[346 344]]

 [[346 351]]

 [[347 351]]

 [[348 352]]

 [[348 391]]

 [[347 392]]

 [[346 392]]

 [[346 393]]

 [[345 394]]

 [[344 394]]

 [[343 395]]

 [[342 395]]

 [[341 396]]

 [[296 396]]

 [[295 395]]

 [[295 392]]

 [[294 392]]

 [[293 391]]

 [[293 344]]

 [[294 343]]]
9
[[[407 341]]

 [[408 340]]

 [[409 340]]

 [[410 341]]

 [[417 341]]

 [[420 344]]

 [[420 345]]

 [[421 346]]

 [[421 347]]

 [[420 348]]

 [[420 349]]

 [[421 350]]

 [[421 359]]

 [[422 360]]

 [[422 362]]

 [[421 363]]

 [[422 364]]

 [[422 391]]

 [[421 392]]

 [[420 392]]

 [[420 393]]

 [[419 394]]

 [[412 394]]

 [[414 394]]

 [[415 395]]

 [[414 396]]

 [[372 396]]

 [[371 395]]

 [[371 394]]

 [[370 394]]

 [[369 393]]

 [[369 392]]

 [[368 392]]

 [[367 391]]

 [[367 344]]

 [[368 343]]

 [[369 343]]

 [[369 342]]

 [[370 341]]]
10
[[[519 340]]

 [[520 339]]

 [[571 339]]

 [[572 340]]

 [[572 343]]

 [[573 343]]

 [[574 344]]

 [[574 355]]

 [[575 355]]

 [[576 356]]

 [[576 375]]

 [[575 376]]

 [[574 376]]

 [[575 377]]

 [[575 379]]

 [[576 380]]

 [[576 381]]

 [[574 383]]

 [[574 388]]

 [[572 390]]

 [[572 391]]

 [[571 392]]

 [[548 392]]

 [[547 393]]

 [[546 393]]

 [[545 394]]

 [[544 394]]

 [[543 393]]

 [[543 392]]

 [[539 392]]

 [[537 394]]

 [[536 394]]

 [[535 393]]

 [[535 392]]

 [[520 392]]

 [[519 391]]]
11
[[[447 340]]

 [[448 339]]

 [[449 340]]

 [[451 340]]

 [[452 339]]

 [[493 339]]

 [[494 340]]

 [[494 341]]

 [[495 341]]

 [[496 342]]

 [[496 343]]

 [[497 344]]

 [[497 347]]

 [[496 348]]

 [[498 350]]

 [[498 357]]

 [[499 357]]

 [[500 358]]

 [[500 359]]

 [[498 361]]

 [[498 363]]

 [[499 364]]

 [[499 366]]

 [[500 367]]

 [[499 368]]

 [[498 368]]

 [[498 371]]

 [[499 372]]

 [[499 373]]

 [[500 374]]

 [[500 375]]

 [[499 376]]

 [[498 376]]

 [[498 389]]

 [[495 392]]

 [[494 392]]

 [[493 393]]

 [[488 393]]

 [[487 394]]

 [[486 393]]

 [[485 394]]

 [[472 394]]

 [[471 395]]

 [[468 395]]

 [[467 394]]

 [[448 394]]

 [[447 393]]

 [[446 393]]

 [[445 392]]

 [[444 392]]

 [[443 391]]

 [[443 342]]

 [[444 341]]

 [[445 341]]

 [[446 340]]]
12
[[[145 271]]

 [[194 271]]

 [[195 272]]

 [[195 273]]

 [[196 274]]

 [[196 321]]

 [[195 322]]

 [[194 322]]

 [[194 323]]

 [[193 324]]

 [[146 324]]

 [[145 323]]

 [[145 322]]

 [[144 321]]

 [[144 320]]

 [[143 319]]

 [[143 273]]]
13
[[[219 270]]

 [[220 269]]

 [[222 269]]

 [[224 271]]

 [[227 271]]

 [[227 270]]

 [[228 269]]

 [[231 269]]

 [[232 270]]

 [[235 270]]

 [[236 269]]

 [[239 269]]

 [[240 270]]

 [[243 270]]

 [[244 269]]

 [[266 269]]

 [[269 272]]

 [[269 275]]

 [[270 276]]

 [[270 285]]

 [[271 285]]

 [[272 286]]

 [[272 312]]

 [[271 313]]

 [[270 313]]

 [[270 314]]

 [[271 314]]

 [[272 315]]

 [[272 319]]

 [[271 320]]

 [[268 320]]

 [[268 321]]

 [[267 322]]

 [[260 322]]

 [[260 323]]

 [[259 324]]

 [[258 324]]

 [[257 323]]

 [[257 322]]

 [[254 322]]

 [[254 323]]

 [[253 324]]

 [[250 324]]

 [[249 323]]

 [[249 322]]

 [[247 322]]

 [[245 324]]

 [[244 324]]

 [[243 323]]

 [[243 322]]

 [[240 322]]

 [[242 322]]

 [[243 323]]

 [[242 324]]

 [[236 324]]

 [[235 323]]

 [[235 322]]

 [[232 322]]

 [[232 323]]

 [[231 324]]

 [[228 324]]

 [[227 323]]

 [[225 323]]

 [[224 324]]

 [[222 324]]

 [[221 323]]

 [[221 322]]

 [[220 322]]

 [[219 321]]

 [[219 320]]

 [[218 319]]

 [[218 312]]

 [[217 311]]

 [[217 310]]

 [[218 309]]

 [[218 308]]

 [[217 307]]

 [[217 302]]

 [[218 301]]

 [[217 300]]

 [[217 283]]

 [[216 282]]

 [[217 281]]

 [[217 272]]

 [[218 271]]

 [[219 271]]]
14
[[[296 268]]

 [[297 267]]

 [[298 267]]

 [[299 268]]

 [[300 267]]

 [[341 267]]

 [[344 270]]

 [[344 285]]

 [[345 286]]

 [[344 287]]

 [[344 291]]

 [[345 291]]

 [[346 292]]

 [[346 295]]

 [[345 296]]

 [[344 296]]

 [[344 298]]

 [[346 300]]

 [[346 303]]

 [[345 304]]

 [[345 307]]

 [[346 308]]

 [[346 311]]

 [[345 312]]

 [[344 312]]

 [[345 313]]

 [[345 315]]

 [[346 316]]

 [[346 317]]

 [[345 318]]

 [[344 318]]

 [[344 319]]

 [[343 320]]

 [[336 320]]

 [[334 322]]

 [[332 322]]

 [[331 321]]

 [[331 320]]

 [[328 320]]

 [[328 321]]

 [[327 322]]

 [[324 322]]

 [[323 321]]

 [[323 320]]

 [[321 320]]

 [[319 322]]

 [[308 322]]

 [[307 321]]

 [[306 322]]

 [[304 322]]

 [[303 321]]

 [[303 320]]

 [[300 320]]

 [[300 321]]

 [[299 322]]

 [[296 322]]

 [[295 321]]

 [[295 320]]

 [[292 320]]

 [[291 319]]

 [[291 270]]

 [[292 269]]

 [[293 269]]

 [[294 268]]]
15
[[[405 267]]

 [[406 266]]

 [[407 266]]

 [[408 267]]

 [[419 267]]

 [[420 268]]

 [[420 317]]

 [[419 318]]

 [[418 318]]

 [[418 319]]

 [[417 320]]

 [[368 320]]

 [[367 319]]

 [[367 316]]

 [[366 315]]

 [[366 314]]

 [[367 313]]

 [[367 312]]

 [[366 311]]

 [[366 304]]

 [[365 303]]

 [[365 300]]

 [[366 299]]

 [[366 296]]

 [[365 295]]

 [[365 292]]

 [[366 291]]

 [[366 288]]

 [[365 287]]

 [[365 284]]

 [[366 283]]

 [[366 282]]

 [[365 281]]

 [[365 276]]

 [[366 275]]

 [[366 274]]

 [[365 273]]

 [[365 270]]

 [[366 269]]

 [[367 269]]

 [[367 268]]

 [[368 267]]]
16
[[[472 265]]

 [[473 264]]

 [[477 264]]

 [[478 265]]

 [[479 264]]

 [[491 264]]

 [[494 267]]

 [[495 267]]

 [[496 268]]

 [[496 315]]

 [[495 316]]

 [[494 316]]

 [[494 317]]

 [[493 318]]

 [[486 318]]

 [[486 319]]

 [[485 320]]

 [[444 320]]

 [[443 319]]

 [[443 316]]

 [[442 316]]

 [[441 315]]

 [[441 295]]

 [[440 294]]

 [[440 292]]

 [[441 291]]

 [[441 290]]

 [[440 289]]

 [[440 288]]

 [[439 287]]

 [[439 284]]

 [[440 283]]

 [[440 280]]

 [[439 279]]

 [[439 276]]

 [[440 275]]

 [[440 272]]

 [[439 271]]

 [[439 270]]

 [[440 269]]

 [[440 268]]

 [[441 267]]

 [[443 267]]

 [[443 266]]

 [[444 265]]]
17
[[[519 264]]

 [[520 263]]

 [[571 263]]

 [[572 264]]

 [[572 275]]

 [[573 276]]

 [[573 279]]

 [[574 280]]

 [[574 288]]

 [[576 290]]

 [[576 291]]

 [[575 292]]

 [[574 292]]

 [[574 295]]

 [[575 295]]

 [[576 296]]

 [[576 299]]

 [[575 300]]

 [[574 300]]

 [[574 303]]

 [[575 304]]

 [[575 306]]

 [[574 307]]

 [[574 313]]

 [[573 314]]

 [[572 314]]

 [[572 315]]

 [[571 316]]

 [[568 316]]

 [[567 317]]

 [[560 317]]

 [[559 318]]

 [[524 318]]

 [[523 317]]

 [[522 317]]

 [[521 316]]

 [[520 316]]

 [[517 313]]

 [[517 268]]

 [[519 266]]]
18
[[[159 197]]

 [[160 196]]

 [[161 196]]

 [[162 197]]

 [[165 197]]

 [[166 196]]

 [[171 196]]

 [[172 197]]

 [[173 196]]

 [[190 196]]

 [[192 198]]

 [[192 199]]

 [[193 199]]

 [[194 200]]

 [[194 223]]

 [[195 223]]

 [[196 224]]

 [[196 247]]

 [[195 248]]

 [[186 248]]

 [[185 249]]

 [[184 249]]

 [[183 250]]

 [[182 249]]

 [[180 249]]

 [[179 250]]

 [[144 250]]

 [[143 249]]

 [[143 246]]

 [[142 245]]

 [[143 244]]

 [[143 241]]

 [[142 240]]

 [[142 234]]

 [[141 233]]

 [[141 229]]

 [[142 228]]

 [[141 227]]

 [[141 200]]

 [[142 199]]

 [[143 199]]

 [[143 198]]

 [[144 197]]]
19
[[[217 196]]

 [[218 195]]

 [[267 195]]

 [[268 196]]

 [[268 235]]

 [[269 236]]

 [[269 243]]

 [[268 244]]

 [[268 247]]

 [[267 248]]

 [[217 248]]

 [[215 246]]

 [[215 242]]

 [[216 241]]

 [[216 240]]

 [[215 239]]

 [[215 198]]

 [[216 197]]

 [[217 197]]]
20
[[[299 194]]

 [[300 193]]

 [[303 193]]

 [[304 194]]

 [[304 195]]

 [[307 195]]

 [[307 194]]

 [[308 193]]

 [[311 193]]

 [[312 194]]

 [[315 194]]

 [[316 193]]

 [[339 193]]

 [[340 194]]

 [[340 195]]

 [[343 195]]

 [[344 196]]

 [[344 243]]

 [[343 244]]

 [[342 244]]

 [[342 245]]

 [[341 246]]

 [[340 246]]

 [[340 247]]

 [[339 248]]

 [[292 248]]

 [[291 247]]

 [[291 238]]

 [[289 236]]

 [[290 235]]

 [[290 234]]

 [[291 233]]

 [[291 232]]

 [[290 232]]

 [[289 231]]

 [[289 228]]

 [[290 227]]

 [[291 227]]

 [[290 226]]

 [[290 224]]

 [[289 223]]

 [[289 220]]

 [[290 219]]

 [[290 216]]

 [[289 215]]

 [[289 197]]

 [[292 194]]

 [[295 194]]

 [[296 195]]

 [[299 195]]]
21
[[[367 192]]

 [[368 191]]

 [[415 191]]

 [[416 192]]

 [[416 194]]

 [[418 196]]

 [[418 203]]

 [[419 203]]

 [[420 204]]

 [[420 205]]

 [[419 206]]

 [[418 206]]

 [[418 207]]

 [[419 207]]

 [[420 208]]

 [[420 212]]

 [[418 214]]

 [[419 214]]

 [[420 215]]

 [[420 228]]

 [[419 229]]

 [[420 230]]

 [[420 235]]

 [[419 236]]

 [[419 238]]

 [[420 239]]

 [[419 240]]

 [[419 241]]

 [[418 242]]

 [[418 243]]

 [[417 244]]

 [[404 244]]

 [[404 245]]

 [[403 246]]

 [[391 246]]

 [[390 247]]

 [[389 246]]

 [[386 246]]

 [[386 247]]

 [[385 248]]

 [[384 248]]

 [[383 247]]

 [[382 248]]

 [[381 247]]

 [[381 246]]

 [[378 246]]

 [[378 247]]

 [[377 248]]

 [[376 248]]

 [[375 247]]

 [[375 246]]

 [[368 246]]

 [[367 245]]

 [[367 244]]

 [[364 244]]

 [[363 243]]

 [[363 196]]

 [[364 195]]

 [[365 195]]

 [[365 194]]

 [[366 193]]

 [[367 193]]]
22
[[[465 190]]

 [[466 189]]

 [[467 189]]

 [[468 190]]

 [[470 190]]

 [[471 189]]

 [[490 189]]

 [[492 191]]

 [[493 191]]

 [[494 192]]

 [[494 193]]

 [[495 193]]

 [[496 194]]

 [[496 239]]

 [[495 240]]

 [[494 240]]

 [[492 242]]

 [[492 243]]

 [[491 244]]

 [[441 244]]

 [[439 242]]

 [[439 192]]

 [[440 191]]

 [[463 191]]

 [[464 190]]]
23
[[[519 188]]

 [[520 187]]

 [[568 187]]

 [[571 190]]

 [[571 191]]

 [[572 192]]

 [[572 239]]

 [[571 240]]

 [[568 240]]

 [[568 241]]

 [[567 242]]

 [[552 242]]

 [[551 243]]

 [[549 243]]

 [[548 244]]

 [[547 243]]

 [[546 243]]

 [[545 244]]

 [[542 244]]

 [[541 243]]

 [[540 244]]

 [[539 244]]

 [[538 243]]

 [[537 243]]

 [[536 244]]

 [[535 243]]

 [[533 243]]

 [[532 242]]

 [[533 243]]

 [[532 244]]

 [[531 244]]

 [[530 243]]

 [[526 243]]

 [[525 242]]

 [[519 242]]

 [[517 240]]

 [[516 240]]

 [[515 239]]

 [[515 192]]

 [[516 191]]

 [[517 191]]

 [[519 189]]]
24
[[[157 121]]

 [[158 121]]

 [[160 123]]

 [[163 123]]

 [[164 122]]

 [[167 122]]

 [[168 123]]

 [[171 123]]

 [[173 121]]

 [[174 122]]

 [[175 122]]

 [[176 123]]

 [[177 123]]

 [[178 122]]

 [[187 122]]

 [[188 123]]

 [[191 123]]

 [[192 124]]

 [[192 159]]

 [[193 160]]

 [[193 165]]

 [[192 166]]

 [[192 173]]

 [[189 176]]

 [[144 176]]

 [[141 173]]

 [[141 172]]

 [[140 172]]

 [[139 171]]

 [[140 170]]

 [[140 168]]

 [[139 167]]

 [[139 124]]

 [[140 123]]

 [[149 123]]

 [[150 122]]

 [[151 122]]

 [[152 123]]

 [[155 123]]]
25
[[[289 120]]

 [[290 119]]

 [[339 119]]

 [[340 120]]

 [[340 121]]

 [[341 122]]

 [[341 127]]

 [[342 128]]

 [[342 137]]

 [[343 137]]

 [[344 138]]

 [[344 139]]

 [[343 140]]

 [[342 140]]

 [[342 143]]

 [[343 143]]

 [[344 144]]

 [[344 147]]

 [[343 148]]

 [[342 148]]

 [[342 157]]

 [[343 157]]

 [[344 158]]

 [[344 161]]

 [[342 163]]

 [[342 164]]

 [[343 165]]

 [[343 167]]

 [[342 168]]

 [[342 169]]

 [[341 170]]

 [[340 170]]

 [[340 171]]

 [[339 172]]

 [[290 172]]

 [[289 171]]

 [[289 170]]

 [[288 170]]

 [[287 169]]

 [[287 168]]

 [[288 167]]

 [[288 166]]

 [[289 165]]

 [[289 164]]

 [[288 164]]

 [[287 163]]

 [[287 122]]

 [[288 121]]

 [[289 121]]]
26
[[[223 120]]

 [[224 119]]

 [[225 119]]

 [[226 120]]

 [[230 120]]

 [[231 119]]

 [[263 119]]

 [[264 120]]

 [[264 121]]

 [[265 121]]

 [[266 122]]

 [[266 128]]

 [[268 130]]

 [[268 171]]

 [[267 172]]

 [[260 172]]

 [[260 173]]

 [[259 174]]

 [[254 174]]

 [[253 173]]

 [[252 173]]

 [[251 174]]

 [[217 174]]

 [[215 172]]

 [[215 166]]

 [[214 165]]

 [[214 158]]

 [[213 157]]

 [[213 155]]

 [[214 154]]

 [[214 152]]

 [[213 151]]

 [[213 124]]

 [[214 123]]

 [[215 123]]

 [[215 122]]

 [[216 121]]

 [[223 121]]]
27
[[[375 116]]

 [[376 115]]

 [[377 116]]

 [[379 116]]

 [[380 115]]

 [[382 115]]

 [[383 116]]

 [[387 116]]

 [[388 115]]

 [[414 115]]

 [[416 117]]

 [[416 127]]

 [[417 128]]

 [[417 131]]

 [[418 132]]

 [[418 137]]

 [[417 138]]

 [[417 139]]

 [[418 140]]

 [[418 144]]

 [[417 145]]

 [[417 147]]

 [[418 148]]

 [[418 151]]

 [[417 152]]

 [[417 155]]

 [[418 156]]

 [[418 159]]

 [[417 160]]

 [[417 165]]

 [[416 166]]

 [[416 167]]

 [[413 170]]

 [[402 170]]

 [[403 170]]

 [[404 171]]

 [[403 172]]

 [[364 172]]

 [[363 171]]

 [[364 170]]

 [[365 170]]

 [[364 170]]

 [[363 169]]

 [[363 118]]

 [[364 117]]

 [[371 117]]

 [[372 116]]]
28
[[[479 114]]

 [[480 113]]

 [[483 113]]

 [[484 114]]

 [[485 114]]

 [[486 113]]

 [[489 113]]

 [[490 114]]

 [[490 115]]

 [[491 115]]

 [[492 116]]

 [[492 122]]

 [[494 124]]

 [[494 139]]

 [[495 139]]

 [[496 140]]

 [[496 141]]

 [[495 142]]

 [[494 142]]

 [[494 155]]

 [[495 156]]

 [[494 157]]

 [[494 163]]

 [[493 164]]

 [[492 164]]

 [[492 167]]

 [[491 168]]

 [[440 168]]

 [[439 167]]

 [[439 116]]

 [[440 115]]

 [[471 115]]

 [[472 114]]

 [[475 114]]

 [[476 115]]

 [[477 114]]]
29
[[[523 112]]

 [[524 111]]

 [[566 111]]

 [[568 113]]

 [[568 115]]

 [[569 115]]

 [[570 116]]

 [[570 121]]

 [[572 123]]

 [[572 125]]

 [[571 126]]

 [[571 127]]

 [[572 128]]

 [[572 157]]

 [[571 158]]

 [[571 159]]

 [[572 160]]

 [[572 161]]

 [[571 162]]

 [[570 162]]

 [[570 163]]

 [[569 164]]

 [[568 164]]

 [[566 166]]

 [[556 166]]

 [[555 167]]

 [[552 167]]

 [[551 168]]

 [[549 168]]

 [[548 167]]

 [[547 167]]

 [[546 168]]

 [[545 168]]

 [[544 167]]

 [[543 168]]

 [[537 168]]

 [[536 167]]

 [[535 168]]

 [[534 168]]

 [[533 167]]

 [[532 167]]

 [[531 166]]

 [[526 166]]

 [[526 167]]

 [[525 168]]

 [[521 168]]

 [[520 167]]

 [[521 166]]

 [[524 166]]

 [[517 166]]

 [[515 164]]

 [[515 116]]

 [[516 115]]

 [[517 115]]

 [[517 114]]

 [[518 113]]

 [[519 113]]

 [[520 112]]]
30
[[[175  47]]

 [[176  46]]

 [[179  46]]

 [[180  47]]

 [[187  47]]

 [[190  50]]

 [[190  69]]

 [[191  69]]

 [[192  70]]

 [[192  75]]

 [[191  76]]

 [[192  77]]

 [[192  97]]

 [[191  98]]

 [[189  98]]

 [[187 100]]

 [[140 100]]

 [[139  99]]

 [[139  98]]

 [[138  97]]

 [[138  92]]

 [[137  91]]

 [[137  76]]

 [[136  75]]

 [[136  74]]

 [[137  73]]

 [[137  69]]

 [[136  68]]

 [[137  67]]

 [[137  61]]

 [[136  60]]

 [[137  59]]

 [[137  54]]

 [[136  53]]

 [[136  52]]

 [[137  51]]

 [[137  50]]

 [[140  47]]]
31
[[[237  44]]

 [[238  43]]

 [[239  44]]

 [[242  44]]

 [[243  43]]

 [[247  43]]

 [[248  44]]

 [[249  44]]

 [[250  43]]

 [[255  43]]

 [[256  44]]

 [[257  44]]

 [[258  43]]

 [[260  43]]

 [[262  45]]

 [[263  45]]

 [[264  46]]

 [[264  59]]

 [[265  60]]

 [[265  61]]

 [[266  62]]

 [[266  77]]

 [[267  77]]

 [[268  78]]

 [[266  80]]

 [[266  95]]

 [[265  96]]

 [[264  96]]

 [[264  97]]

 [[263  98]]

 [[256  98]]

 [[256  99]]

 [[255 100]]

 [[252 100]]

 [[251  99]]

 [[251  98]]

 [[249  98]]

 [[247 100]]

 [[216 100]]

 [[215  99]]

 [[215  98]]

 [[214  98]]

 [[213  97]]

 [[213  96]]

 [[212  96]]

 [[211  95]]

 [[211  93]]

 [[212  92]]

 [[211  91]]

 [[211  48]]

 [[212  47]]

 [[213  47]]

 [[214  46]]

 [[215  46]]

 [[216  45]]

 [[229  45]]

 [[230  44]]

 [[231  44]]

 [[232  45]]

 [[235  45]]

 [[236  44]]]
32
[[[319  42]]

 [[320  41]]

 [[321  41]]

 [[322  42]]

 [[323  42]]

 [[324  43]]

 [[339  43]]

 [[340  44]]

 [[340  95]]

 [[339  96]]

 [[315  96]]

 [[314  97]]

 [[313  97]]

 [[312  96]]

 [[288  96]]

 [[287  95]]

 [[287  44]]

 [[288  43]]

 [[319  43]]]
33
[[[371  40]]

 [[372  39]]

 [[412  39]]

 [[414  41]]

 [[415  41]]

 [[416  42]]

 [[416  91]]

 [[415  92]]

 [[414  92]]

 [[413  93]]

 [[412  93]]

 [[411  94]]

 [[405  94]]

 [[405  95]]

 [[404  96]]

 [[402  96]]

 [[401  95]]

 [[402  94]]

 [[403  94]]

 [[400  94]]

 [[400  95]]

 [[399  96]]

 [[364  96]]

 [[363  95]]

 [[363  92]]

 [[362  92]]

 [[361  91]]

 [[361  70]]

 [[360  69]]

 [[360  68]]

 [[361  67]]

 [[361  62]]

 [[360  61]]

 [[360  60]]

 [[361  59]]

 [[361  56]]

 [[360  55]]

 [[360  54]]

 [[361  53]]

 [[361  44]]

 [[362  43]]

 [[363  43]]

 [[363  42]]

 [[364  41]]

 [[367  41]]

 [[368  40]]]
34
[[[455  38]]

 [[456  37]]

 [[459  37]]

 [[460  38]]

 [[460  39]]

 [[461  38]]

 [[463  38]]

 [[464  37]]

 [[467  37]]

 [[468  38]]

 [[471  38]]

 [[472  37]]

 [[475  37]]

 [[476  38]]

 [[479  38]]

 [[480  37]]

 [[481  37]]

 [[482  38]]

 [[486  38]]

 [[487  39]]

 [[491  39]]

 [[492  40]]

 [[492  89]]

 [[491  90]]

 [[490  90]]

 [[490  91]]

 [[489  92]]

 [[440  92]]

 [[439  91]]

 [[439  90]]

 [[438  90]]

 [[437  89]]

 [[437  88]]

 [[438  87]]

 [[438  86]]

 [[437  85]]

 [[437  42]]

 [[438  41]]

 [[439  41]]

 [[439  40]]

 [[440  39]]

 [[447  39]]

 [[448  38]]

 [[451  38]]

 [[452  39]]

 [[453  39]]

 [[454  38]]]
35
[[[521  36]]

 [[522  35]]

 [[565  35]]

 [[566  36]]

 [[566  37]]

 [[567  37]]

 [[568  38]]

 [[568  53]]

 [[570  55]]

 [[569  56]]

 [[569  57]]

 [[568  58]]

 [[568  60]]

 [[569  61]]

 [[569  65]]

 [[568  66]]

 [[568  67]]

 [[569  68]]

 [[569  69]]

 [[570  70]]

 [[570  73]]

 [[569  74]]

 [[569  75]]

 [[570  76]]

 [[570  85]]

 [[567  88]]

 [[566  88]]

 [[565  89]]

 [[564  89]]

 [[563  90]]

 [[552  90]]

 [[552  91]]

 [[551  92]]

 [[548  92]]

 [[547  91]]

 [[546  91]]

 [[545  92]]

 [[518  92]]

 [[517  91]]

 [[517  90]]

 [[516  90]]

 [[515  89]]

 [[515  85]]

 [[514  84]]

 [[514  76]]

 [[513  75]]

 [[513  70]]

 [[514  69]]

 [[514  68]]

 [[513  67]]

 [[513  40]]

 [[514  39]]

 [[515  39]]

 [[515  38]]

 [[516  37]]

 [[519  37]]

 [[520  36]]]
